"prot","taxon","status","1","2","3","4","5","6"
1,"euk","mature",0.0169491525423729,0.11864406779661,0.101694915254237,0.559322033898305,0.0508474576271186,0.152542372881356
1,"euk","signal",0,0.0526315789473684,0.315789473684211,0.368421052631579,0,0.263157894736842
1,"plus","mature",0.12280701754386,0.12280701754386,0.12280701754386,0.403508771929825,0.0526315789473684,0.175438596491228
1,"plus","signal",0.0476190476190476,0.19047619047619,0.142857142857143,0.333333333333333,0.0476190476190476,0.238095238095238
1,"minus","mature",0.037037037037037,0.259259259259259,0.111111111111111,0.351851851851852,0.0555555555555556,0.185185185185185
1,"minus","signal",0,0.0833333333333333,0.208333333333333,0.416666666666667,0.0416666666666667,0.25
2,"euk","mature",0.0517241379310345,0.258620689655172,0.0517241379310345,0.46551724137931,0.0517241379310345,0.120689655172414
2,"euk","signal",0,0.05,0.3,0.45,0.05,0.15
2,"plus","mature",0.135135135135135,0.108108108108108,0.0810810810810811,0.513513513513513,0.0810810810810811,0.0810810810810811
2,"plus","signal",0,0.0975609756097561,0.0975609756097561,0.414634146341463,0.219512195121951,0.170731707317073
2,"minus","mature",0.0555555555555556,0.203703703703704,0.0555555555555556,0.481481481481481,0.12962962962963,0.0740740740740741
2,"minus","signal",0,0.125,0.166666666666667,0.416666666666667,0.0416666666666667,0.25
3,"euk","mature",0.0727272727272727,0.218181818181818,0,0.563636363636364,0.0727272727272727,0.0727272727272727
3,"euk","signal",0.0434782608695652,0.0434782608695652,0.304347826086957,0.347826086956522,0.0434782608695652,0.217391304347826
3,"plus","mature",0.128205128205128,0.102564102564103,0.102564102564103,0.487179487179487,0.102564102564103,0.0769230769230769
3,"plus","signal",0.0256410256410256,0.128205128205128,0.102564102564103,0.41025641025641,0.102564102564103,0.230769230769231
3,"minus","mature",0.0535714285714286,0.142857142857143,0.0892857142857143,0.517857142857143,0.107142857142857,0.0892857142857143
3,"minus","signal",0,0.0909090909090909,0.227272727272727,0.545454545454545,0,0.136363636363636
4,"euk","mature",0.0727272727272727,0.218181818181818,0,0.563636363636364,0.0727272727272727,0.0727272727272727
4,"euk","signal",0.0434782608695652,0.0434782608695652,0.260869565217391,0.347826086956522,0.0869565217391304,0.217391304347826
4,"plus","mature",0.102564102564103,0.102564102564103,0.102564102564103,0.487179487179487,0.102564102564103,0.102564102564103
4,"plus","signal",0.0256410256410256,0.102564102564103,0.128205128205128,0.358974358974359,0.0769230769230769,0.307692307692308
4,"minus","mature",0.0517241379310345,0.137931034482759,0.103448275862069,0.46551724137931,0.0689655172413793,0.172413793103448
4,"minus","signal",0,0.1,0.2,0.5,0,0.2
5,"euk","mature",0.0727272727272727,0.218181818181818,0,0.563636363636364,0.0727272727272727,0.0727272727272727
5,"euk","signal",0.0434782608695652,0.0434782608695652,0.304347826086957,0.347826086956522,0.0434782608695652,0.217391304347826
5,"plus","mature",0.02,0.12,0.04,0.56,0.08,0.18
5,"plus","signal",0.0357142857142857,0.142857142857143,0.107142857142857,0.357142857142857,0.0714285714285714,0.285714285714286
5,"minus","mature",0.037037037037037,0.111111111111111,0.037037037037037,0.518518518518518,0.148148148148148,0.148148148148148
5,"minus","signal",0.0196078431372549,0.196078431372549,0.156862745098039,0.274509803921569,0.137254901960784,0.215686274509804
6,"euk","mature",0.0727272727272727,0.218181818181818,0,0.563636363636364,0.0727272727272727,0.0727272727272727
6,"euk","signal",0.0434782608695652,0.0434782608695652,0.304347826086957,0.347826086956522,0.0434782608695652,0.217391304347826
6,"plus","mature",0.04,0.38,0.04,0.42,0.04,0.08
6,"plus","signal",0.0357142857142857,0.0714285714285714,0.0714285714285714,0.535714285714286,0.0714285714285714,0.214285714285714
6,"minus","mature",0,0.339285714285714,0.0892857142857143,0.375,0.107142857142857,0.0892857142857143
6,"minus","signal",0.0909090909090909,0.0909090909090909,0.181818181818182,0.409090909090909,0.136363636363636,0.0909090909090909
7,"euk","mature",0.0727272727272727,0.218181818181818,0,0.563636363636364,0.0727272727272727,0.0727272727272727
7,"euk","signal",0.0434782608695652,0.0434782608695652,0.260869565217391,0.347826086956522,0.0869565217391304,0.217391304347826
7,"plus","mature",0.111111111111111,0.148148148148148,0.12962962962963,0.351851851851852,0.0555555555555556,0.203703703703704
7,"plus","signal",0,0.0833333333333333,0.166666666666667,0.458333333333333,0.0416666666666667,0.25
7,"minus","mature",0.087719298245614,0.157894736842105,0.12280701754386,0.421052631578947,0.105263157894737,0.105263157894737
7,"minus","signal",0,0.0476190476190476,0.142857142857143,0.285714285714286,0.0952380952380952,0.428571428571429
8,"euk","mature",0.0727272727272727,0.218181818181818,0,0.563636363636364,0.0727272727272727,0.0727272727272727
8,"euk","signal",0.0434782608695652,0.0434782608695652,0.260869565217391,0.347826086956522,0.0869565217391304,0.217391304347826
8,"plus","mature",0.136363636363636,0.295454545454545,0,0.181818181818182,0.113636363636364,0.272727272727273
8,"plus","signal",0,0.117647058823529,0.147058823529412,0.5,0.117647058823529,0.117647058823529
8,"minus","mature",0,0.0666666666666667,0,0.7,0.1,0.133333333333333
8,"minus","signal",0,0.145833333333333,0.104166666666667,0.416666666666667,0.104166666666667,0.229166666666667
9,"euk","mature",0.0727272727272727,0.218181818181818,0,0.563636363636364,0.0727272727272727,0.0727272727272727
9,"euk","signal",0.0434782608695652,0.0434782608695652,0.260869565217391,0.347826086956522,0.0869565217391304,0.217391304347826
9,"plus","mature",0.0652173913043478,0.130434782608696,0.0652173913043478,0.5,0.0217391304347826,0.217391304347826
9,"plus","signal",0.03125,0.15625,0.1875,0.46875,0.09375,0.0625
9,"minus","mature",0.0178571428571429,0.160714285714286,0.0535714285714286,0.625,0.0357142857142857,0.107142857142857
9,"minus","signal",0,0.0909090909090909,0.227272727272727,0.363636363636364,0.0909090909090909,0.227272727272727
10,"euk","mature",0.0727272727272727,0.218181818181818,0,0.563636363636364,0.0727272727272727,0.0727272727272727
10,"euk","signal",0.0434782608695652,0.0434782608695652,0.260869565217391,0.347826086956522,0.0869565217391304,0.217391304347826
10,"plus","mature",0.0612244897959184,0.183673469387755,0.0612244897959184,0.448979591836735,0.0612244897959184,0.183673469387755
10,"plus","signal",0.0344827586206897,0.0344827586206897,0.206896551724138,0.482758620689655,0.137931034482759,0.103448275862069
10,"minus","mature",0.0638297872340425,0.148936170212766,0.0851063829787234,0.531914893617021,0.0212765957446809,0.148936170212766
10,"minus","signal",0.129032258064516,0.0967741935483871,0.161290322580645,0.290322580645161,0.032258064516129,0.290322580645161
11,"euk","mature",0.0727272727272727,0.218181818181818,0,0.563636363636364,0.0727272727272727,0.0727272727272727
11,"euk","signal",0.0434782608695652,0.0434782608695652,0.347826086956522,0.304347826086957,0.0434782608695652,0.217391304347826
11,"plus","mature",0.0232558139534884,0.0697674418604651,0.0697674418604651,0.534883720930233,0.13953488372093,0.162790697674419
11,"plus","signal",0,0.2,0.171428571428571,0.542857142857143,0.0285714285714286,0.0571428571428571
11,"minus","mature",0.0980392156862745,0.254901960784314,0.0784313725490196,0.411764705882353,0.0392156862745098,0.117647058823529
11,"minus","signal",0.0740740740740741,0.0740740740740741,0.148148148148148,0.518518518518518,0,0.185185185185185
12,"euk","mature",0.0727272727272727,0.218181818181818,0,0.563636363636364,0.0727272727272727,0.0727272727272727
12,"euk","signal",0.0434782608695652,0.0869565217391304,0.304347826086957,0.304347826086957,0.0434782608695652,0.217391304347826
12,"plus","mature",0.0227272727272727,0.0909090909090909,0.0681818181818182,0.568181818181818,0.0909090909090909,0.159090909090909
12,"plus","signal",0.0294117647058824,0.0882352941176471,0.264705882352941,0.470588235294118,0.0294117647058824,0.117647058823529
12,"minus","mature",0.0357142857142857,0.160714285714286,0.107142857142857,0.5,0.0892857142857143,0.107142857142857
12,"minus","signal",0,0.0909090909090909,0.181818181818182,0.545454545454545,0.0454545454545455,0.136363636363636
13,"euk","mature",0.0727272727272727,0.236363636363636,0,0.545454545454545,0.0727272727272727,0.0727272727272727
13,"euk","signal",0.0434782608695652,0.0434782608695652,0.347826086956522,0.304347826086957,0.0434782608695652,0.217391304347826
13,"plus","mature",0.0425531914893617,0.127659574468085,0.0638297872340425,0.531914893617021,0.106382978723404,0.127659574468085
13,"plus","signal",0,0.0967741935483871,0.193548387096774,0.483870967741935,0.032258064516129,0.193548387096774
13,"minus","mature",0.0508474576271186,0.11864406779661,0.0677966101694915,0.508474576271186,0.0508474576271186,0.203389830508475
13,"minus","signal",0,0.0526315789473684,0.105263157894737,0.578947368421053,0.105263157894737,0.157894736842105
14,"euk","mature",0.0727272727272727,0.218181818181818,0,0.563636363636364,0.0727272727272727,0.0727272727272727
14,"euk","signal",0.0434782608695652,0.0434782608695652,0.347826086956522,0.304347826086957,0.0434782608695652,0.217391304347826
14,"plus","mature",0.0434782608695652,0.130434782608696,0.0217391304347826,0.652173913043478,0.0434782608695652,0.108695652173913
14,"plus","signal",0.0625,0.125,0.25,0.375,0.03125,0.15625
14,"minus","mature",0.0677966101694915,0.135593220338983,0.0677966101694915,0.525423728813559,0.0677966101694915,0.135593220338983
14,"minus","signal",0.0526315789473684,0.105263157894737,0.210526315789474,0.368421052631579,0.157894736842105,0.105263157894737
15,"euk","mature",0.0727272727272727,0.218181818181818,0,0.563636363636364,0.0727272727272727,0.0727272727272727
15,"euk","signal",0.0434782608695652,0.0434782608695652,0.347826086956522,0.304347826086957,0.0434782608695652,0.217391304347826
15,"plus","mature",0.0625,0.145833333333333,0.0833333333333333,0.5625,0.0208333333333333,0.125
15,"plus","signal",0.0333333333333333,0.2,0.2,0.433333333333333,0.1,0.0333333333333333
15,"minus","mature",0.0357142857142857,0.160714285714286,0.125,0.571428571428571,0,0.107142857142857
15,"minus","signal",0,0.0909090909090909,0.181818181818182,0.5,0.0454545454545455,0.181818181818182
16,"euk","mature",0.0727272727272727,0.218181818181818,0,0.563636363636364,0.0727272727272727,0.0727272727272727
16,"euk","signal",0.0434782608695652,0.0434782608695652,0.260869565217391,0.391304347826087,0.0434782608695652,0.217391304347826
16,"plus","mature",0.06,0.14,0.08,0.54,0.02,0.16
16,"plus","signal",0.0357142857142857,0.178571428571429,0.285714285714286,0.285714285714286,0,0.214285714285714
16,"minus","mature",0.0677966101694915,0.254237288135593,0.0338983050847458,0.372881355932203,0.101694915254237,0.169491525423729
16,"minus","signal",0,0.0526315789473684,0.157894736842105,0.210526315789474,0,0.578947368421053
17,"euk","mature",0.0727272727272727,0.218181818181818,0,0.563636363636364,0.0727272727272727,0.0727272727272727
17,"euk","signal",0.0434782608695652,0.0434782608695652,0.304347826086957,0.347826086956522,0.0434782608695652,0.217391304347826
17,"plus","mature",0.0192307692307692,0.211538461538462,0.0769230769230769,0.461538461538462,0.0576923076923077,0.173076923076923
17,"plus","signal",0.0384615384615385,0.153846153846154,0.192307692307692,0.384615384615385,0.0384615384615385,0.192307692307692
17,"minus","mature",0.0754716981132075,0.226415094339623,0.0188679245283019,0.377358490566038,0.113207547169811,0.188679245283019
17,"minus","signal",0,0.08,0.2,0.36,0.04,0.32
18,"euk","mature",0.0727272727272727,0.218181818181818,0,0.563636363636364,0.0727272727272727,0.0727272727272727
18,"euk","signal",0.0434782608695652,0.0434782608695652,0.260869565217391,0.347826086956522,0.0869565217391304,0.217391304347826
18,"plus","mature",0.0888888888888889,0.0666666666666667,0.133333333333333,0.488888888888889,0.0222222222222222,0.2
18,"plus","signal",0.0606060606060606,0.151515151515152,0.242424242424242,0.424242424242424,0,0.121212121212121
18,"minus","mature",0.0754716981132075,0.207547169811321,0.0188679245283019,0.377358490566038,0.188679245283019,0.132075471698113
18,"minus","signal",0.04,0.08,0.08,0.44,0,0.36
19,"euk","mature",0.0727272727272727,0.218181818181818,0,0.563636363636364,0.0727272727272727,0.0727272727272727
19,"euk","signal",0.0434782608695652,0.0434782608695652,0.260869565217391,0.347826086956522,0.0869565217391304,0.217391304347826
19,"plus","mature",0.0192307692307692,0.173076923076923,0.0576923076923077,0.480769230769231,0,0.269230769230769
19,"plus","signal",0.0384615384615385,0.153846153846154,0.307692307692308,0.346153846153846,0.0384615384615385,0.115384615384615
19,"minus","mature",0.0408163265306122,0.163265306122449,0.0612244897959184,0.510204081632653,0.102040816326531,0.122448979591837
19,"minus","signal",0.0689655172413793,0.0689655172413793,0.137931034482759,0.413793103448276,0.0689655172413793,0.241379310344828
20,"euk","mature",0.0727272727272727,0.218181818181818,0,0.563636363636364,0.0727272727272727,0.0727272727272727
20,"euk","signal",0.0434782608695652,0.0434782608695652,0.260869565217391,0.347826086956522,0.0869565217391304,0.217391304347826
20,"plus","mature",0.0816326530612245,0.163265306122449,0.0612244897959184,0.489795918367347,0.102040816326531,0.102040816326531
20,"plus","signal",0.0689655172413793,0.0689655172413793,0.0689655172413793,0.413793103448276,0.103448275862069,0.275862068965517
20,"minus","mature",0.0408163265306122,0.163265306122449,0.0612244897959184,0.510204081632653,0.102040816326531,0.122448979591837
20,"minus","signal",0.0689655172413793,0.103448275862069,0.137931034482759,0.275862068965517,0.137931034482759,0.275862068965517
21,"euk","mature",0.0727272727272727,0.218181818181818,0,0.563636363636364,0.0727272727272727,0.0727272727272727
21,"euk","signal",0.0434782608695652,0.0869565217391304,0.347826086956522,0.260869565217391,0.0434782608695652,0.217391304347826
21,"plus","mature",0.108695652173913,0.326086956521739,0.108695652173913,0.347826086956522,0,0.108695652173913
21,"plus","signal",0.09375,0.1875,0.125,0.125,0.125,0.34375
21,"minus","mature",0.0677966101694915,0.135593220338983,0.0338983050847458,0.542372881355932,0.0508474576271186,0.169491525423729
21,"minus","signal",0,0.105263157894737,0.263157894736842,0.473684210526316,0,0.157894736842105
22,"euk","mature",0.0727272727272727,0.218181818181818,0,0.563636363636364,0.0727272727272727,0.0727272727272727
22,"euk","signal",0.0869565217391304,0.0434782608695652,0.304347826086957,0.347826086956522,0.0434782608695652,0.173913043478261
22,"plus","mature",0.0980392156862745,0.117647058823529,0.0588235294117647,0.509803921568627,0.0980392156862745,0.117647058823529
22,"plus","signal",0.0740740740740741,0.0740740740740741,0.148148148148148,0.185185185185185,0.037037037037037,0.481481481481481
22,"minus","mature",0.0833333333333333,0.133333333333333,0.05,0.583333333333333,0.0666666666666667,0.0833333333333333
22,"minus","signal",0,0.0555555555555556,0.277777777777778,0.5,0,0.166666666666667
23,"euk","mature",0.0909090909090909,0.236363636363636,0,0.545454545454545,0.0727272727272727,0.0545454545454545
23,"euk","signal",0.0434782608695652,0.0869565217391304,0.304347826086957,0.260869565217391,0.0869565217391304,0.217391304347826
23,"plus","mature",0.4,0.025,0,0.175,0.05,0.35
23,"plus","signal",0.0526315789473684,0.131578947368421,0.105263157894737,0.263157894736842,0.105263157894737,0.342105263157895
23,"minus","mature",0.101694915254237,0.135593220338983,0.0508474576271186,0.423728813559322,0.11864406779661,0.169491525423729
23,"minus","signal",0,0.105263157894737,0.421052631578947,0.315789473684211,0,0.157894736842105
24,"euk","mature",0.0909090909090909,0.236363636363636,0,0.545454545454545,0.0545454545454545,0.0727272727272727
24,"euk","signal",0.0434782608695652,0.0869565217391304,0.304347826086957,0.260869565217391,0.0869565217391304,0.217391304347826
24,"plus","mature",0.4,0.025,0,0.175,0.05,0.35
24,"plus","signal",0.0526315789473684,0.131578947368421,0.105263157894737,0.263157894736842,0.105263157894737,0.342105263157895
24,"minus","mature",0.0754716981132075,0.207547169811321,0.0943396226415094,0.339622641509434,0.0943396226415094,0.188679245283019
24,"minus","signal",0.08,0.08,0.2,0.44,0,0.2
25,"euk","mature",0.0909090909090909,0.2,0,0.581818181818182,0.0545454545454545,0.0727272727272727
25,"euk","signal",0.0434782608695652,0.130434782608696,0.260869565217391,0.304347826086957,0.0869565217391304,0.173913043478261
25,"plus","mature",0.0416666666666667,0.0833333333333333,0.0416666666666667,0.583333333333333,0.0625,0.1875
25,"plus","signal",0.0333333333333333,0.166666666666667,0.166666666666667,0.4,0.0666666666666667,0.166666666666667
25,"minus","mature",0.025,0.175,0.05,0.55,0.05,0.15
25,"minus","signal",0.0263157894736842,0.157894736842105,0.210526315789474,0.473684210526316,0.0263157894736842,0.105263157894737
26,"euk","mature",0.0909090909090909,0.236363636363636,0,0.545454545454545,0.0727272727272727,0.0545454545454545
26,"euk","signal",0.0434782608695652,0.0869565217391304,0.304347826086957,0.260869565217391,0.0869565217391304,0.217391304347826
26,"plus","mature",0.0526315789473684,0.368421052631579,0.105263157894737,0.263157894736842,0.0263157894736842,0.184210526315789
26,"plus","signal",0,0.2,0.075,0.35,0.125,0.25
26,"minus","mature",0.0689655172413793,0.120689655172414,0.0517241379310345,0.586206896551724,0.103448275862069,0.0689655172413793
26,"minus","signal",0.05,0.15,0.2,0.25,0,0.35
27,"euk","mature",0.0909090909090909,0.2,0,0.545454545454545,0.0545454545454545,0.109090909090909
27,"euk","signal",0.0434782608695652,0.130434782608696,0.260869565217391,0.304347826086957,0.0869565217391304,0.173913043478261
27,"plus","mature",0.138888888888889,0.111111111111111,0.0277777777777778,0.527777777777778,0.111111111111111,0.0833333333333333
27,"plus","signal",0.0238095238095238,0.238095238095238,0.0714285714285714,0.404761904761905,0.166666666666667,0.0952380952380952
27,"minus","mature",0.0689655172413793,0.137931034482759,0.0344827586206897,0.517241379310345,0.0689655172413793,0.172413793103448
27,"minus","signal",0.1,0.1,0.25,0.15,0.1,0.3
28,"euk","mature",0.0909090909090909,0.236363636363636,0,0.545454545454545,0.0727272727272727,0.0545454545454545
28,"euk","signal",0.0434782608695652,0.130434782608696,0.260869565217391,0.304347826086957,0.0869565217391304,0.173913043478261
28,"plus","mature",0.0869565217391304,0.0217391304347826,0.0652173913043478,0.521739130434783,0.108695652173913,0.195652173913043
28,"plus","signal",0,0.15625,0.0625,0.375,0.125,0.28125
28,"minus","mature",0.0689655172413793,0.137931034482759,0.0344827586206897,0.482758620689655,0.0689655172413793,0.206896551724138
28,"minus","signal",0.1,0.1,0.25,0.25,0.05,0.25
29,"euk","mature",0.0909090909090909,0.254545454545455,0.0181818181818182,0.509090909090909,0.0727272727272727,0.0545454545454545
29,"euk","signal",0.0434782608695652,0.130434782608696,0.260869565217391,0.304347826086957,0.0869565217391304,0.173913043478261
29,"plus","mature",0.0476190476190476,0.214285714285714,0.0476190476190476,0.5,0.0714285714285714,0.119047619047619
29,"plus","signal",0,0.222222222222222,0.0277777777777778,0.444444444444444,0.138888888888889,0.166666666666667
29,"minus","mature",0.111111111111111,0.111111111111111,0.111111111111111,0.333333333333333,0.111111111111111,0.222222222222222
29,"minus","signal",0.0476190476190476,0.0952380952380952,0.19047619047619,0.428571428571429,0.0476190476190476,0.19047619047619
30,"euk","mature",0.0909090909090909,0.218181818181818,0,0.545454545454545,0.0545454545454545,0.0909090909090909
30,"euk","signal",0.0434782608695652,0.130434782608696,0.217391304347826,0.304347826086957,0.130434782608696,0.173913043478261
30,"plus","mature",0.0263157894736842,0.0789473684210526,0.0526315789473684,0.526315789473684,0.0263157894736842,0.289473684210526
30,"plus","signal",0,0.2,0.075,0.575,0.05,0.1
30,"minus","mature",0,0.19047619047619,0.142857142857143,0.523809523809524,0,0.142857142857143
30,"minus","signal",0,0.0526315789473684,0.105263157894737,0.684210526315789,0,0.157894736842105
31,"euk","mature",0.0909090909090909,0.236363636363636,0,0.545454545454545,0.0727272727272727,0.0545454545454545
31,"euk","signal",0.0434782608695652,0.130434782608696,0.260869565217391,0.304347826086957,0.0869565217391304,0.173913043478261
31,"plus","mature",0.0384615384615385,0.25,0.134615384615385,0.480769230769231,0.0769230769230769,0.0192307692307692
31,"plus","signal",0,0.0769230769230769,0.153846153846154,0.461538461538462,0.0769230769230769,0.230769230769231
31,"minus","mature",0.129032258064516,0.0806451612903226,0.129032258064516,0.532258064516129,0.0161290322580645,0.112903225806452
31,"minus","signal",0.0625,0.0625,0.3125,0.25,0.0625,0.25
32,"euk","mature",0.0909090909090909,0.236363636363636,0,0.545454545454545,0.0727272727272727,0.0545454545454545
32,"euk","signal",0.0434782608695652,0.0869565217391304,0.304347826086957,0.260869565217391,0.0869565217391304,0.217391304347826
32,"plus","mature",0,0.25,0.0555555555555556,0.5,0.0277777777777778,0.166666666666667
32,"plus","signal",0,0.214285714285714,0.142857142857143,0.476190476190476,0.0952380952380952,0.0714285714285714
32,"minus","mature",0.0909090909090909,0.163636363636364,0.0545454545454545,0.509090909090909,0.0909090909090909,0.0909090909090909
32,"minus","signal",0.0434782608695652,0.0869565217391304,0.260869565217391,0.434782608695652,0,0.173913043478261
33,"euk","mature",0.0909090909090909,0.236363636363636,0,0.545454545454545,0.0727272727272727,0.0545454545454545
33,"euk","signal",0.0434782608695652,0.0869565217391304,0.304347826086957,0.260869565217391,0.0869565217391304,0.217391304347826
33,"plus","mature",0.0204081632653061,0.183673469387755,0.0816326530612245,0.448979591836735,0.122448979591837,0.142857142857143
33,"plus","signal",0,0.103448275862069,0.206896551724138,0.482758620689655,0.137931034482759,0.0689655172413793
33,"minus","mature",0.0535714285714286,0.160714285714286,0.0535714285714286,0.535714285714286,0.125,0.0714285714285714
33,"minus","signal",0,0.0909090909090909,0.318181818181818,0.272727272727273,0.0454545454545455,0.272727272727273
34,"euk","mature",0.0909090909090909,0.254545454545455,0.0181818181818182,0.527272727272727,0.0727272727272727,0.0363636363636364
34,"euk","signal",0.0434782608695652,0.130434782608696,0.260869565217391,0.304347826086957,0.0869565217391304,0.173913043478261
34,"plus","mature",0.0204081632653061,0.204081632653061,0.0816326530612245,0.428571428571429,0.122448979591837,0.142857142857143
34,"plus","signal",0,0.103448275862069,0.206896551724138,0.482758620689655,0.137931034482759,0.0689655172413793
34,"minus","mature",0.0923076923076923,0.153846153846154,0.123076923076923,0.476923076923077,0.0461538461538462,0.107692307692308
34,"minus","signal",0,0.153846153846154,0.230769230769231,0.384615384615385,0.0769230769230769,0.153846153846154
35,"euk","mature",0.0909090909090909,0.254545454545455,0.0181818181818182,0.527272727272727,0.0545454545454545,0.0545454545454545
35,"euk","signal",0.0434782608695652,0.130434782608696,0.260869565217391,0.260869565217391,0.0869565217391304,0.217391304347826
35,"plus","mature",0.0754716981132075,0.207547169811321,0.0566037735849057,0.358490566037736,0.0754716981132075,0.226415094339623
35,"plus","signal",0.04,0.16,0.2,0.28,0.12,0.2
35,"minus","mature",0.0535714285714286,0.214285714285714,0.107142857142857,0.428571428571429,0.0535714285714286,0.142857142857143
35,"minus","signal",0,0.136363636363636,0.0909090909090909,0.409090909090909,0.0454545454545455,0.318181818181818
36,"euk","mature",0.0909090909090909,0.236363636363636,0,0.545454545454545,0.0727272727272727,0.0545454545454545
36,"euk","signal",0.0434782608695652,0.0869565217391304,0.304347826086957,0.260869565217391,0.0869565217391304,0.217391304347826
36,"plus","mature",0.02,0.22,0.08,0.44,0.12,0.12
36,"plus","signal",0.0357142857142857,0.0714285714285714,0.214285714285714,0.464285714285714,0.142857142857143,0.0714285714285714
36,"minus","mature",0.0526315789473684,0.140350877192982,0.087719298245614,0.56140350877193,0.0701754385964912,0.087719298245614
36,"minus","signal",0,0.0952380952380952,0.238095238095238,0.428571428571429,0.0476190476190476,0.19047619047619
37,"euk","mature",0.0909090909090909,0.236363636363636,0.0181818181818182,0.545454545454545,0.0545454545454545,0.0545454545454545
37,"euk","signal",0.0434782608695652,0.130434782608696,0.260869565217391,0.304347826086957,0.0869565217391304,0.173913043478261
37,"plus","mature",0,0.288461538461538,0.0576923076923077,0.480769230769231,0.0576923076923077,0.115384615384615
37,"plus","signal",0,0.192307692307692,0.230769230769231,0.461538461538462,0.0384615384615385,0.0769230769230769
37,"minus","mature",0.0526315789473684,0.140350877192982,0.087719298245614,0.578947368421053,0.0526315789473684,0.087719298245614
37,"minus","signal",0,0.0952380952380952,0.238095238095238,0.380952380952381,0.0476190476190476,0.238095238095238
38,"euk","mature",0.0909090909090909,0.254545454545455,0.0181818181818182,0.527272727272727,0.0545454545454545,0.0545454545454545
38,"euk","signal",0.0434782608695652,0.130434782608696,0.260869565217391,0.260869565217391,0.0869565217391304,0.217391304347826
38,"plus","mature",0,0.209302325581395,0.0697674418604651,0.511627906976744,0.0465116279069767,0.162790697674419
38,"plus","signal",0.0285714285714286,0.171428571428571,0.171428571428571,0.485714285714286,0.0285714285714286,0.114285714285714
38,"minus","mature",0.05,0.15,0.1,0.5,0.0333333333333333,0.166666666666667
38,"minus","signal",0,0.111111111111111,0.166666666666667,0.388888888888889,0.0555555555555556,0.277777777777778
39,"euk","mature",0.0909090909090909,0.2,0,0.545454545454545,0.0545454545454545,0.109090909090909
39,"euk","signal",0.0434782608695652,0.130434782608696,0.260869565217391,0.304347826086957,0.0869565217391304,0.173913043478261
39,"plus","mature",0,0.13953488372093,0.0697674418604651,0.651162790697674,0.0465116279069767,0.0930232558139535
39,"plus","signal",0,0.114285714285714,0.0857142857142857,0.371428571428571,0.171428571428571,0.257142857142857
39,"minus","mature",0.0666666666666667,0.183333333333333,0.0833333333333333,0.483333333333333,0.0333333333333333,0.15
39,"minus","signal",0,0.111111111111111,0.222222222222222,0.333333333333333,0.0555555555555556,0.277777777777778
40,"euk","mature",0.0909090909090909,0.236363636363636,0.0181818181818182,0.545454545454545,0.0545454545454545,0.0545454545454545
40,"euk","signal",0.0434782608695652,0.130434782608696,0.260869565217391,0.304347826086957,0.0869565217391304,0.173913043478261
40,"plus","mature",0.125,0.208333333333333,0,0.458333333333333,0.104166666666667,0.104166666666667
40,"plus","signal",0.0333333333333333,0.2,0.166666666666667,0.433333333333333,0,0.166666666666667
40,"minus","mature",0.05,0.183333333333333,0.1,0.466666666666667,0.0333333333333333,0.166666666666667
40,"minus","signal",0,0.111111111111111,0.222222222222222,0.333333333333333,0.0555555555555556,0.277777777777778
41,"euk","mature",0.0909090909090909,0.236363636363636,0,0.545454545454545,0.0727272727272727,0.0545454545454545
41,"euk","signal",0.0434782608695652,0.0869565217391304,0.304347826086957,0.260869565217391,0.0869565217391304,0.217391304347826
41,"plus","mature",0.0869565217391304,0.0217391304347826,0.0652173913043478,0.521739130434783,0.108695652173913,0.195652173913043
41,"plus","signal",0,0.15625,0.0625,0.375,0.125,0.28125
41,"minus","mature",0.0350877192982456,0.105263157894737,0.0526315789473684,0.473684210526316,0.140350877192982,0.192982456140351
41,"minus","signal",0,0.142857142857143,0.142857142857143,0.380952380952381,0.0476190476190476,0.285714285714286
42,"euk","mature",0.0909090909090909,0.254545454545455,0.0181818181818182,0.527272727272727,0.0545454545454545,0.0545454545454545
42,"euk","signal",0.0434782608695652,0.130434782608696,0.260869565217391,0.260869565217391,0.0869565217391304,0.217391304347826
42,"plus","mature",0.027027027027027,0.108108108108108,0.108108108108108,0.594594594594595,0.0540540540540541,0.108108108108108
42,"plus","signal",0.0975609756097561,0.0731707317073171,0.146341463414634,0.292682926829268,0.0975609756097561,0.292682926829268
42,"minus","mature",0.0344827586206897,0.120689655172414,0.0689655172413793,0.551724137931034,0.0517241379310345,0.172413793103448
42,"minus","signal",0,0.1,0.3,0.35,0.05,0.2
43,"euk","mature",0.0909090909090909,0.254545454545455,0.0181818181818182,0.527272727272727,0.0545454545454545,0.0545454545454545
43,"euk","signal",0.0434782608695652,0.130434782608696,0.260869565217391,0.260869565217391,0.0869565217391304,0.217391304347826
43,"plus","mature",0.0666666666666667,0.0444444444444444,0.0666666666666667,0.555555555555556,0.0666666666666667,0.2
43,"plus","signal",0.0606060606060606,0.0606060606060606,0.212121212121212,0.424242424242424,0.0303030303030303,0.212121212121212
43,"minus","mature",0.0294117647058824,0.176470588235294,0.117647058823529,0.352941176470588,0.117647058823529,0.205882352941176
43,"minus","signal",0.0454545454545455,0.227272727272727,0.0909090909090909,0.409090909090909,0,0.227272727272727
44,"euk","mature",0.0909090909090909,0.218181818181818,0,0.545454545454545,0.0545454545454545,0.0909090909090909
44,"euk","signal",0.0434782608695652,0.130434782608696,0.217391304347826,0.304347826086957,0.130434782608696,0.173913043478261
44,"plus","mature",0.0384615384615385,0.0961538461538462,0.0384615384615385,0.596153846153846,0.0769230769230769,0.153846153846154
44,"plus","signal",0.0384615384615385,0.153846153846154,0.230769230769231,0.423076923076923,0,0.153846153846154
44,"minus","mature",0.0344827586206897,0.120689655172414,0.0862068965517241,0.46551724137931,0.0862068965517241,0.206896551724138
44,"minus","signal",0,0.15,0.15,0.45,0.15,0.1
45,"euk","mature",0.0909090909090909,0.218181818181818,0,0.545454545454545,0.0545454545454545,0.0909090909090909
45,"euk","signal",0.0434782608695652,0.130434782608696,0.217391304347826,0.304347826086957,0.130434782608696,0.173913043478261
45,"plus","mature",0.0576923076923077,0.0576923076923077,0.0769230769230769,0.596153846153846,0.0384615384615385,0.173076923076923
45,"plus","signal",0.0384615384615385,0.115384615384615,0.230769230769231,0.423076923076923,0,0.192307692307692
45,"minus","mature",0.0862068965517241,0.344827586206897,0,0.293103448275862,0,0.275862068965517
45,"minus","signal",0,0.1,0.15,0.25,0.15,0.35
46,"euk","mature",0.0909090909090909,0.218181818181818,0,0.545454545454545,0.0545454545454545,0.0909090909090909
46,"euk","signal",0.0434782608695652,0.130434782608696,0.217391304347826,0.304347826086957,0.130434782608696,0.173913043478261
46,"plus","mature",0.0384615384615385,0.0769230769230769,0.0576923076923077,0.557692307692308,0.0769230769230769,0.192307692307692
46,"plus","signal",0.0384615384615385,0.115384615384615,0.115384615384615,0.423076923076923,0.153846153846154,0.153846153846154
46,"minus","mature",0.101694915254237,0.101694915254237,0.0508474576271186,0.593220338983051,0.0338983050847458,0.11864406779661
46,"minus","signal",0,0.157894736842105,0.0526315789473684,0.315789473684211,0.0526315789473684,0.421052631578947
47,"euk","mature",0.0909090909090909,0.218181818181818,0,0.527272727272727,0.0727272727272727,0.0909090909090909
47,"euk","signal",0.0434782608695652,0.130434782608696,0.304347826086957,0.304347826086957,0.0434782608695652,0.173913043478261
47,"plus","mature",0.0769230769230769,0.0576923076923077,0.0769230769230769,0.596153846153846,0.0384615384615385,0.153846153846154
47,"plus","signal",0.0384615384615385,0.153846153846154,0.307692307692308,0.307692307692308,0,0.192307692307692
47,"minus","mature",0.0784313725490196,0.196078431372549,0.0392156862745098,0.490196078431373,0.0980392156862745,0.0980392156862745
47,"minus","signal",0.037037037037037,0.111111111111111,0.0740740740740741,0.37037037037037,0.037037037037037,0.37037037037037
48,"euk","mature",0.0909090909090909,0.236363636363636,0,0.527272727272727,0.0545454545454545,0.0909090909090909
48,"euk","signal",0.0434782608695652,0.130434782608696,0.304347826086957,0.304347826086957,0.0434782608695652,0.173913043478261
48,"plus","mature",0.04,0.1,0.06,0.62,0.08,0.1
48,"plus","signal",0.0714285714285714,0.0714285714285714,0.357142857142857,0.285714285714286,0.0357142857142857,0.178571428571429
48,"minus","mature",0.0714285714285714,0.25,0.0178571428571429,0.410714285714286,0.0892857142857143,0.160714285714286
48,"minus","signal",0.0454545454545455,0.0909090909090909,0.136363636363636,0.272727272727273,0,0.454545454545455
49,"euk","mature",0.0909090909090909,0.236363636363636,0,0.527272727272727,0.0545454545454545,0.0909090909090909
49,"euk","signal",0.0434782608695652,0.130434782608696,0.304347826086957,0.304347826086957,0.0434782608695652,0.173913043478261
49,"plus","mature",0.0576923076923077,0.0576923076923077,0.0769230769230769,0.596153846153846,0.0384615384615385,0.173076923076923
49,"plus","signal",0.0384615384615385,0.153846153846154,0.269230769230769,0.384615384615385,0.0769230769230769,0.0769230769230769
49,"minus","mature",0.0925925925925926,0.166666666666667,0.0740740740740741,0.462962962962963,0.0925925925925926,0.111111111111111
49,"minus","signal",0.0416666666666667,0.0416666666666667,0.125,0.375,0,0.416666666666667
50,"euk","mature",0.0909090909090909,0.2,0,0.545454545454545,0.0545454545454545,0.109090909090909
50,"euk","signal",0.0434782608695652,0.130434782608696,0.217391304347826,0.304347826086957,0.130434782608696,0.173913043478261
50,"plus","mature",0.04,0.1,0.06,0.58,0.08,0.14
50,"plus","signal",0.0357142857142857,0.0714285714285714,0.285714285714286,0.428571428571429,0.0357142857142857,0.142857142857143
50,"minus","mature",0.0701754385964912,0.280701754385965,0.0350877192982456,0.368421052631579,0.12280701754386,0.12280701754386
50,"minus","signal",0.0476190476190476,0.0952380952380952,0.19047619047619,0.19047619047619,0,0.476190476190476
51,"euk","mature",0.0909090909090909,0.218181818181818,0,0.545454545454545,0.0545454545454545,0.0909090909090909
51,"euk","signal",0.0434782608695652,0.130434782608696,0.217391304347826,0.304347826086957,0.130434782608696,0.173913043478261
51,"plus","mature",0.0576923076923077,0.0576923076923077,0.0769230769230769,0.596153846153846,0.0384615384615385,0.173076923076923
51,"plus","signal",0.0384615384615385,0.153846153846154,0.269230769230769,0.384615384615385,0.0769230769230769,0.0769230769230769
51,"minus","mature",0.0172413793103448,0.206896551724138,0.0862068965517241,0.396551724137931,0.120689655172414,0.172413793103448
51,"minus","signal",0,0.1,0.2,0.45,0.1,0.15
52,"euk","mature",0.0909090909090909,0.236363636363636,0,0.527272727272727,0.0545454545454545,0.0909090909090909
52,"euk","signal",0.0434782608695652,0.130434782608696,0.304347826086957,0.304347826086957,0.0434782608695652,0.173913043478261
52,"plus","mature",0.0576923076923077,0.0576923076923077,0.0769230769230769,0.596153846153846,0.0384615384615385,0.173076923076923
52,"plus","signal",0.0384615384615385,0.115384615384615,0.192307692307692,0.461538461538462,0,0.192307692307692
52,"minus","mature",0,0.254237288135593,0.0847457627118644,0.389830508474576,0.11864406779661,0.152542372881356
52,"minus","signal",0.0526315789473684,0.0526315789473684,0.263157894736842,0.210526315789474,0.105263157894737,0.315789473684211
53,"euk","mature",0.0909090909090909,0.236363636363636,0,0.545454545454545,0.0727272727272727,0.0545454545454545
53,"euk","signal",0.0434782608695652,0.0869565217391304,0.304347826086957,0.260869565217391,0.0869565217391304,0.217391304347826
53,"plus","mature",0.0208333333333333,0.0833333333333333,0.104166666666667,0.5,0.125,0.166666666666667
53,"plus","signal",0,0.133333333333333,0.1,0.533333333333333,0.166666666666667,0.0666666666666667
53,"minus","mature",0.0172413793103448,0.206896551724138,0.0862068965517241,0.46551724137931,0.103448275862069,0.120689655172414
53,"minus","signal",0.05,0.05,0.15,0.4,0.1,0.25
54,"euk","mature",0.0909090909090909,0.254545454545455,0,0.527272727272727,0.0727272727272727,0.0545454545454545
54,"euk","signal",0.0434782608695652,0.0869565217391304,0.304347826086957,0.260869565217391,0.0869565217391304,0.217391304347826
54,"plus","mature",0.0384615384615385,0.0769230769230769,0.0384615384615385,0.615384615384615,0.115384615384615,0.115384615384615
54,"plus","signal",0.0384615384615385,0.115384615384615,0.269230769230769,0.423076923076923,0.0769230769230769,0.0769230769230769
54,"minus","mature",0.0338983050847458,0.101694915254237,0.0847457627118644,0.491525423728814,0.11864406779661,0.169491525423729
54,"minus","signal",0.0526315789473684,0.105263157894737,0.421052631578947,0.157894736842105,0.0526315789473684,0.210526315789474
55,"euk","mature",0.0909090909090909,0.218181818181818,0,0.545454545454545,0.0545454545454545,0.0909090909090909
55,"euk","signal",0.0434782608695652,0.130434782608696,0.217391304347826,0.304347826086957,0.130434782608696,0.173913043478261
55,"plus","mature",0.0769230769230769,0.230769230769231,0.134615384615385,0.442307692307692,0.0576923076923077,0.0576923076923077
55,"plus","signal",0.0384615384615385,0.0769230769230769,0.192307692307692,0.423076923076923,0.115384615384615,0.153846153846154
55,"minus","mature",0.0588235294117647,0.0588235294117647,0.0392156862745098,0.549019607843137,0.0784313725490196,0.215686274509804
55,"minus","signal",0,0.148148148148148,0.0740740740740741,0.333333333333333,0.111111111111111,0.333333333333333
56,"euk","mature",0.0909090909090909,0.236363636363636,0,0.545454545454545,0.0727272727272727,0.0545454545454545
56,"euk","signal",0.0434782608695652,0.0869565217391304,0.260869565217391,0.304347826086957,0.130434782608696,0.173913043478261
56,"plus","mature",0.0526315789473684,0.105263157894737,0,0.552631578947368,0.0789473684210526,0.210526315789474
56,"plus","signal",0.05,0.15,0.175,0.35,0.05,0.225
56,"minus","mature",0.0588235294117647,0.0588235294117647,0.0392156862745098,0.549019607843137,0.0784313725490196,0.215686274509804
56,"minus","signal",0,0.148148148148148,0.0740740740740741,0.333333333333333,0.111111111111111,0.333333333333333
57,"euk","mature",0.0909090909090909,0.236363636363636,0,0.545454545454545,0.0545454545454545,0.0727272727272727
57,"euk","signal",0.0434782608695652,0.130434782608696,0.304347826086957,0.304347826086957,0.0434782608695652,0.173913043478261
57,"plus","mature",0.0612244897959184,0.142857142857143,0.102040816326531,0.489795918367347,0.0612244897959184,0.142857142857143
57,"plus","signal",0.0689655172413793,0.103448275862069,0.0689655172413793,0.448275862068966,0.0689655172413793,0.241379310344828
57,"minus","mature",0.122448979591837,0.142857142857143,0.0612244897959184,0.489795918367347,0.102040816326531,0.0816326530612245
57,"minus","signal",0.137931034482759,0.103448275862069,0.172413793103448,0.310344827586207,0.0344827586206897,0.241379310344828
58,"euk","mature",0.0909090909090909,0.218181818181818,0,0.545454545454545,0.0909090909090909,0.0545454545454545
58,"euk","signal",0.0434782608695652,0.173913043478261,0.260869565217391,0.347826086956522,0.0434782608695652,0.130434782608696
58,"plus","mature",0.0588235294117647,0.372549019607843,0.117647058823529,0.352941176470588,0,0.0980392156862745
58,"plus","signal",0,0.259259259259259,0.148148148148148,0.37037037037037,0.037037037037037,0.185185185185185
58,"minus","mature",0.0689655172413793,0.189655172413793,0.0862068965517241,0.517241379310345,0.0517241379310345,0.0862068965517241
58,"minus","signal",0.1,0.05,0.35,0.1,0.05,0.35
59,"euk","mature",0.0727272727272727,0.236363636363636,0,0.527272727272727,0.0909090909090909,0.0727272727272727
59,"euk","signal",0.0434782608695652,0.173913043478261,0.260869565217391,0.347826086956522,0.0434782608695652,0.130434782608696
59,"plus","mature",0.0810810810810811,0.162162162162162,0.108108108108108,0.486486486486487,0,0.162162162162162
